1 33053U 08029A   18091.54457421  .00000485  00000-0  11061-4 0  9994
2 33053  25.5819 201.0926 0012611  19.6945 340.4076 15.11066072540980
1 33053U 08029A   18091.61061247  .00000489  00000-0  11283-4 0  9999
2 33053  25.5819 200.6430 0012620  20.4406 339.6633 15.11066127540976
1 33053U 08029A   18091.67665072  .00000495  00000-0  11667-4 0  9994
2 33053  25.5819 200.1936 0012634  21.1912 338.9145 15.11066218540989
1 33053U 08029A   18092.60118625  .00000511  00000-0  12559-4 0  9995
2 33053  25.5819 193.9001 0012673  31.7054 328.4243 15.11066684541125
1 33053U 08029A   18092.66722452  .00000506  00000-0  12271-4 0  9995
2 33053  25.5819 193.4505 0012674  32.4384 327.6929 15.11066667541150
1 33053U 08029A   18093.59175949  .00000510  00000-0  12547-4 0  9992
2 33053  25.5818 187.1570 0012729  43.0387 317.1142 15.11067076541272
1 33053U 08029A   18094.38421745  .00000503  00000-0  12101-4 0  9996
2 33053  25.5818 181.7627 0012776  52.0450 308.1238 15.11067335541418
1 33053U 08029A   18094.58233194  .00000491  00000-0  11399-4 0  9991
2 33053  25.5818 180.4143 0012792  54.1809 305.9913 15.11067342541420
1 33053U 08029A   18095.57290312  .00000484  00000-0  10995-4 0  9999
2 33053  25.5819 173.6714 0012819  65.2665 294.9203 15.11067710541576
1 33053U 08029A   18095.57290312  .00000484  00000-0  10995-4 0  9999
2 33053  25.5819 173.6714 0012819  65.2665 294.9203 15.11067710541598
1 33053U 08029A   18096.49743506  .00000482  00000-0  10910-4 0  9994
2 33053  25.5819 167.3781 0012820  75.6606 284.5351 15.11068077541714
1 33053U 08029A   18097.22385227  .00000481  00000-0  10834-4 0  9992
2 33053  25.5819 162.4332 0012817  83.8418 276.3577 15.11068325541849
1 33053U 08029A   18097.55404158  .00000476  00000-0  10567-4 0  9990
2 33053  25.5819 160.1856 0012814  87.5333 272.6669 15.11068479541873
1 33053U 08029A   18098.47857118  .00000480  00000-0  10793-4 0  9996
2 33053  25.5819 153.8921 0012789  97.9379 262.2608 15.11068838542037
1 33053U 08029A   18098.54460893  .00000475  00000-0  10487-4 0  9998
2 33053  25.5819 153.4424 0012778  98.7752 261.4231 15.11068815542020
1 33053U 08029A   18099.53517510  .00000493  00000-0  11503-4 0  9997
2 33053  25.5819 146.6993 0012738 109.9323 250.2585 15.11069253542171
1 33053U 08029A   18099.53517510  .00000493  00000-0  11503-4 0  9997
2 33053  25.5819 146.6993 0012738 109.9323 250.2585 15.11069253542193
1 33053U 08029A   18100.45970249  .00000511  00000-0  12538-4 0  9993
2 33053  25.5819 140.4060 0012690 120.1881 239.9912 15.11069703542313
1 33053U 08029A   18101.18611617  .00000518  00000-0  12960-4 0  9991
2 33053  25.5819 135.4613 0012616 128.1797 231.9876 15.11070014542445
1 33053U 08029A   18101.45026605  .00000548  00000-0  14686-4 0  9998
2 33053  25.5819 133.6628 0012616 131.4262 228.7358 15.11070362542462
1 33053U 08029A   18102.37479107  .00000553  00000-0  14981-4 0  9993
2 33053  25.5820 127.3690 0012602 142.0926 218.0498 15.11070814542620
1 33053U 08029A   18102.44082849  .00000556  00000-0  15166-4 0  9993
2 33053  25.5820 126.9194 0012602 142.8557 217.2852 15.11070875542613
1 33053U 08029A   18103.43139004  .00000564  00000-0  15619-4 0  9991
2 33053  25.5820 120.1763 0012550 154.2084 205.9078 15.11071395542785
1 33053U 08029A   18104.35591356  .00000537  00000-0  14048-4 0  9990
2 33053  25.5822 113.8827 0012494 164.8649 195.2262 15.11071700542908
1 33053U 08029A   18105.21439925  .00000522  00000-0  13188-4 0  9997
2 33053  25.5823 108.0387 0012442 174.7701 185.2966 15.11072063543058
1 33053U 08029A   18105.34647412  .00000507  00000-0  12321-4 0  9994
2 33053  25.5823 107.1397 0012422 176.3079 183.7549 15.11072001543055
1 33053U 08029A   18106.33703464  .00000477  00000-0  10558-4 0  9990
2 33053  25.5824 100.3969 0012281 187.6833 172.3515 15.11072244543227
1 33053U 08029A   18107.32759466  .00000476  00000-0  10515-4 0  9995
2 33053  25.5825  93.6539 0012220 199.2256 160.7818 15.11072717543352
1 33053U 08029A   18108.18607987  .00000483  00000-0  10949-4 0  9999
2 33053  25.5826  87.8099 0012206 209.3713 150.6136 15.11073159543503
1 33053U 08029A   18108.25211722  .00000484  00000-0  10954-4 0  9992
2 33053  25.5826  87.3604 0012199 210.1505 149.8328 15.11073187543492
1 33053U 08029A   18108.91249044  .00000500  00000-0  11901-4 0  9995
2 33053  25.5826  82.8645 0012211 217.8057 142.1621 15.11073567543593
1 33053U 08029A   18109.24267737  .00000492  00000-0  11434-4 0  9992
2 33053  25.5827  80.6172 0012206 221.6651 138.2955 15.11073701543666
1 33053U 08029A   18110.23323830  .00000500  00000-0  11910-4 0  9999
2 33053  25.5828  73.8742 0012160 233.3308 126.6110 15.11074109543793
1 33053U 08029A   18110.95964982  .00000529  00000-0  13586-4 0  9999
2 33053  25.5828  68.9292 0012107 241.8967 118.0344 15.11074604543901
1 33053U 08029A   18111.15776208  .00000521  00000-0  13120-4 0  9990
2 33053  25.5829  67.5807 0012112 244.2957 115.6328 15.11074678543952
1 33053U 08029A   18111.28983683  .00000570  00000-0  15956-4 0  9994
2 33053  25.5829  66.6816 0012087 245.8838 114.0433 15.11075045543957
1 33053U 08029A   18111.95021145  .00000561  00000-0  15444-4 0  9996
2 33053  25.5830  62.1863 0012045 253.6983 106.2228 15.11075313544059
1 33053U 08029A   18112.21436126  .00000561  00000-0  15435-4 0  9995
2 33053  25.5830  60.3883 0012048 256.8998 103.0192 15.11075489544111
1 33053U 08029A   18112.28039872  .00000563  00000-0  15604-4 0  9999
2 33053  25.5831  59.9388 0012042 257.6872 102.2315 15.11075548544103
1 33053U 08029A   18112.94077371  .00000560  00000-0  15410-4 0  9990
2 33053  25.5832  55.4437 0012028 265.5353  94.3808 15.11075868544200
1 33053U 08029A   18113.20492358  .00000578  00000-0  16473-4 0  9995
2 33053  25.5832  53.6456 0012046 268.6408  91.2747 15.11076162544246
1 33053U 08029A   18113.86529902  .00000558  00000-0  15271-4 0  9996
2 33053  25.5833  49.1505 0012040 276.5024  83.4140 15.11076387544360
1 33053U 08029A   18113.93133657  .00000554  00000-0  15086-4 0  9992
2 33053  25.5833  48.7010 0012039 277.2865  82.6302 15.11076414544356
1 33053U 08029A   18114.19548669  .00000564  00000-0  15659-4 0  9991
2 33053  25.5834  46.9028 0012066 280.4016  79.5160 15.11076645544397
1 33053U 08029A   18114.92190011  .00000558  00000-0  15276-4 0  9994
2 33053  25.5835  41.9583 0012081 289.0448  70.8778 15.11077016544505
1 33053U 08029A   18115.12001305  .00000542  00000-0  14349-4 0  9997
2 33053  25.5835  40.6098 0012085 291.4397  68.4849 15.11077021544559
1 33053U 08029A   18115.91246457  .00000544  00000-0  14469-4 0  9998
2 33053  25.5836  35.2156 0012122 300.8380  59.0962 15.11077463544657
1 33053U 08029A   18116.11057755  .00000533  00000-0  13854-4 0  9997
2 33053  25.5836  33.8671 0012130 303.2024  56.7348 15.11077518544680
1 33053U 08029A   18116.83699185  .00000499  00000-0  11901-4 0  9997
2 33053  25.5836  28.9222 0012154 311.6160  48.3334 15.11077682544816
1 33053U 08029A   18116.90302953  .00000496  00000-0  11717-4 0  9991
2 33053  25.5836  28.4727 0012156 312.3948  47.5558 15.11077706544800
1 33053U 08029A   18117.10114259  .00000492  00000-0  11492-4 0  9990
2 33053  25.5836  27.1242 0012166 314.7991  45.1554 15.11077810544832
1 33053U 08029A   18117.89359506  .00000495  00000-0  11662-4 0  9994
2 33053  25.5837  21.7300 0012202 324.1353  35.8363 15.11078172544955
1 33053U 08029A   18118.09170810  .00000502  00000-0  12072-4 0  9991
2 33053  25.5837  20.3815 0012220 326.4716  33.5046 15.11078338545003
1 33053U 08029A   18118.95019860  .00000496  00000-0  11699-4 0  9999
2 33053  25.5837  14.5379 0012265 336.5564  23.4411 15.11078653545111
1 33053U 08029A   18119.08227394  .00000503  00000-0  12117-4 0  9992
2 33053  25.5837  13.6388 0012274 338.0592  21.9417 15.11078776545136
1 33053U 08029A   18119.87472684  .00000515  00000-0  12786-4 0  9998
2 33053  25.5838   8.2448 0012334 347.3747  12.6478 15.11079154545276
1 33053U 08029A   18119.94076456  .00000511  00000-0  12579-4 0  9999
2 33053  25.5837   7.7952 0012319 348.1413  11.8831 15.11079159545269
1 33053U 08029A   18120.07283994  .00000512  00000-0  12638-4 0  9999
2 33053  25.5837   6.8960 0012316 349.6331  10.3949 15.11079231545287
1 33053U 08029A   18120.93133065  .00000500  00000-0  11930-4 0  9998
2 33053  25.5836   1.0524 0012362 359.6819   0.3707 15.11079484545418
1 33053U 08029A   18121.06340618  .00000495  00000-0  11635-4 0  9992
2 33053  25.5836   0.1534 0012375   1.2125 358.8439 15.11079485545451
1 33053U 08029A   18121.92189662  .00000497  00000-0  11783-4 0  9993
2 33053  25.5836 354.3096 0012433  11.1167 348.9642 15.11079821545561
1 33053U 08029A   18121.98793433  .00000496  00000-0  11726-4 0  9992
2 33053  25.5836 353.8601 0012439  11.8634 348.2193 15.11079839545573
1 33053U 08029A   18122.91246213  .00000472  00000-0  10312-4 0  9999
2 33053  25.5836 347.5667 0012477  22.4708 337.6372 15.11080020545718
1 33053U 08029A   18122.97849980  .00000472  00000-0  10341-4 0  9997
2 33053  25.5836 347.1172 0012482  23.2258 336.8840 15.11080048545744
1 33053U 08029A   18123.90302708  .00000461  00000-0  96572-5 0  9992
2 33053  25.5835 340.8240 0012537  33.8382 326.2952 15.11080296545860
1 33053U 08029A   18124.69547813  .00000496  00000-0  11714-4 0  9999
2 33053  25.5834 335.4297 0012572  42.9241 317.2274 15.11080824546006
1 33053U 08029A   18124.89359086  .00000488  00000-0  11269-4 0  9990
2 33053  25.5834 334.0811 0012584  45.1487 315.0068 15.11080868546019
1 33053U 08029A   18125.62000391  .00000520  00000-0  13112-4 0  9990
2 33053  25.5834 329.1363 0012604  53.3496 306.8196 15.11081242546129
1 33053U 08029A   18125.81811632  .00000529  00000-0  13609-4 0  9999
2 33053  25.5833 327.7877 0012596  55.6726 304.5000 15.11081402546175
1 33053U 08029A   18125.88415383  .00000530  00000-0  13687-4 0  9997
2 33053  25.5833 327.3382 0012602  56.4090 303.7647 15.11081437546168
1 33053U 08029A   18126.61056561  .00000596  00000-0  17521-4 0  9991
2 33053  25.5831 322.3930 0012595  64.7273 295.4566 15.11082123546278
1 33053U 08029A   18126.87471553  .00000577  00000-0  16432-4 0  9990
2 33053  25.5831 320.5951 0012635  67.6640 292.5234 15.11082125546313
1 33053U 08029A   18126.94075292  .00000572  00000-0  16140-4 0  9999
2 33053  25.5831 320.1454 0012635  68.4332 291.7548 15.11082122546343
1 33053U 08029A   18127.60112681  .00000563  00000-0  15622-4 0  9991
2 33053  25.5830 315.6502 0012665  75.8994 284.2948 15.11082330546425
1 33053U 08029A   18127.86527615  .00000565  00000-0  15690-4 0  9993
2 33053  25.5830 313.8521 0012676  78.8571 281.3389 15.11082486546465
1 33053U 08029A   18128.52564918  .00000553  00000-0  15018-4 0  9995
2 33053  25.5829 309.3568 0012683  86.3576 273.8409 15.11082678546586
1 33053U 08029A   18128.78979805  .00000556  00000-0  15159-4 0  9997
2 33053  25.5829 307.5588 0012713  89.2679 270.9312 15.11082929546601
1 33053U 08029A   18129.58224425  .00000560  00000-0  15396-4 0  9995
2 33053  25.5829 302.1644 0012696  98.1814 262.0161 15.11083384546728
1 33053U 08029A   18129.84639281  .00000567  00000-0  15818-4 0  9990
2 33053  25.5829 300.3665 0012715 101.0341 259.1625 15.11083632546786
1 33053U 08029A   18130.83694905  .00000574  00000-0  16209-4 0  9998
2 33053  25.5829 293.6238 0012695 112.0969 248.0915 15.11084257546919
1 33053U 08029A   18131.49731906  .00000573  00000-0  16156-4 0  9994
2 33053  25.5828 289.1286 0012678 119.5750 240.6050 15.11084640547030
1 33053U 08029A   18131.56335590  .00000599  00000-0  17688-4 0  9990
2 33053  25.5828 288.6790 0012677 120.3235 239.8555 15.11084871547026
1 33053U 08029A   18131.82750377  .00000567  00000-0  15793-4 0  9993
2 33053  25.5827 286.8807 0012676 123.3876 236.7873 15.11084828547062
1 33053U 08029A   18132.55390982  .00000568  00000-0  15875-4 0  9998
2 33053  25.5826 281.9360 0012646 131.5643 228.5977 15.11085301547196
1 33053U 08029A   18132.61994669  .00000566  00000-0  15758-4 0  9995
2 33053  25.5826 281.4865 0012649 132.2920 227.8689 15.11085347547181
1 33053U 08029A   18132.81805744  .00000550  00000-0  14818-4 0  9991
2 33053  25.5826 280.1379 0012625 134.4553 225.7016 15.11085357547213
1 33053U 08029A   18133.47842579  .00000551  00000-0  14877-4 0  9997
2 33053  25.5825 275.6426 0012590 142.0062 218.1363 15.11085758547312
1 33053U 08029A   18133.80860978  .00000543  00000-0  14416-4 0  9997
2 33053  25.5825 273.3949 0012563 145.7742 214.3604 15.11085938547385
1 33053U 08029A   18134.73312449  .00000539  00000-0  14159-4 0  9994
2 33053  25.5825 267.1015 0012497 156.3270 203.7842 15.11086477547509
1 33053U 08029A   18135.52556508  .00000538  00000-0  14095-4 0  9996
2 33053  25.5824 261.7068 0012465 165.4906 194.5988 15.11086904547646
1 33053U 08029A   18136.51611541  .00000553  00000-0  14960-4 0  9993
2 33053  25.5824 254.9638 0012383 176.9443 183.1169 15.11087516547774
1 33053U 08029A   18136.71422543  .00000550  00000-0  14819-4 0  9997
2 33053  25.5823 253.6152 0012364 179.2179 180.8377 15.11087622547820
1 33053U 08029A   18137.57270213  .00000536  00000-0  13982-4 0  9991
2 33053  25.5823 247.7712 0012309 189.1601 170.8710 15.11087980547934
1 33053U 08029A   18137.70477546  .00000533  00000-0  13818-4 0  9999
2 33053  25.5823 246.8721 0012294 190.7235 169.3038 15.11088028547950
1 33053U 08029A   18138.43117883  .00000519  00000-0  13003-4 0  9995
2 33053  25.5823 241.9272 0012230 199.2440 160.7634 15.11088269548088
1 33053U 08029A   18139.48776545  .00000491  00000-0  11354-4 0  9993
2 33053  25.5822 234.7348 0012167 211.6961 148.2842 15.11088655548246
1 33053U 08029A   18139.55380213  .00000490  00000-0  11327-4 0  9993
2 33053  25.5823 234.2853 0012161 212.4815 147.4972 15.11088689548235
1 33053U 08029A   18139.68587547  .00000489  00000-0  11275-4 0  9996
2 33053  25.5822 233.3862 0012150 214.0469 145.9287 15.11088753548251
1 33053U 08029A   18140.61038912  .00000474  00000-0  10404-4 0  9995
2 33053  25.5822 227.0928 0012117 225.0099 134.9454 15.11089094548396
1 33053U 08029A   18140.61038912  .00000474  00000-0  10404-4 0  9995
2 33053  25.5822 227.0928 0012117 225.0099 134.9454 15.11089094548419
1 33053U 08029A   18141.46886654  .00000468  00000-0  10036-4 0  9997
2 33053  25.5821 221.2490 0012098 235.1920 124.7477 15.11089400548526
1 33053U 08029A   18142.45941809  .00000465  00000-0  98495-5 0  9994
2 33053  25.5820 214.5060 0012071 246.9788 112.9474 15.11089737548693
1 33053U 08029A   18143.51600722  .00000459  00000-0  95344-5 0  9991
2 33053  25.5818 207.3133 0012057 259.5893 100.3284 15.11090072548854
1 33053U 08029A   18144.50656041  .00000444  00000-0  86437-5 0  9993
2 33053  25.5816 200.5700 0012057 271.3739  88.5415 15.11090297548984
1 33053U 08029A   18145.16692971  .00000439  00000-0  83636-5 0  9990
2 33053  25.5816 196.0746 0012068 279.2295  80.6875 15.11090431549107
1 33053U 08029A   18145.49711443  .00000436  00000-0  81881-5 0  9999
2 33053  25.5816 193.8268 0012083 283.2008  76.7179 15.11090544549136
1 33053U 08029A   18146.42163230  .00000437  00000-0  82375-5 0  9998
2 33053  25.5816 187.5332 0012120 294.2159  65.7110 15.11090801549295
1 33053U 08029A   18147.28011357  .00000452  00000-0  91116-5 0  9995
2 33053  25.5815 181.6887 0012128 304.1722  55.7663 15.11091127549406
1 33053U 08029A   18147.47822473  .00000450  00000-0  90221-5 0  9999
2 33053  25.5815 180.3400 0012144 306.5157  53.4259 15.11091175549453
1 33053U 08029A   18148.40274398  .00000440  00000-0  84527-5 0  9991
2 33053  25.5815 174.0463 0012183 317.4083  42.5507 15.11091362549570
1 33053U 08029A   18149.19519187  .00000429  00000-0  77599-5 0  9994
2 33053  25.5819 168.6556 0012802 328.8617  31.1159 15.11091202549719
1 33053U 08029A   18149.45933882  .00000412  00000-0  68194-5 0  9998
2 33053  25.5815 166.8548 0012476 330.4937  29.4893 15.11091340549737
1 33053U 08029A   18149.45933883  .00000412  00000-0  68194-5 0  9999
2 33053  25.5814 166.8646 0012015 328.4379  31.5446 15.11091722549755
1 33053U 08029A   18150.31782106  .00000400  00000-0  61271-5 0  9992
2 33053  25.5813 161.0233 0011969 338.6602  21.3380 15.11091876549880
1 33053U 08029A   18150.44989535  .00000406  00000-0  65023-5 0  9996
2 33053  25.5813 160.1221 0011982 340.5469  19.4556 15.11091865549909
1 33053U 08029A   18150.44989536  .00000407  00000-0  65023-5 0  9998
2 33053  25.5816 160.1104 0012357 341.4741  18.5344 15.11091712549885
1 33053U 08029A   18151.17630426  .00000407  00000-0  65467-5 0  9992
2 33053  25.5810 155.1814 0011825 347.5871  12.4365 15.11092060550011
1 33053U 08029A   18151.57252676  .00000425  00000-0  75938-5 0  9997
2 33053  25.5814 152.4680 0012367 354.5310   5.5089 15.11092198550078
1 33053U 08029A   18151.63856396  .00000425  00000-0  75938-5 0  9993
2 33053  25.5804 152.0333 0012280 355.1716   4.8579 15.11092256550092
1 33053U 08029A   18151.77063816  .00000440  00000-0  84728-5 0  9999
2 33053  25.5811 151.1201 0012377 356.8696   3.1728 15.11092196550110
1 33053U 08029A   18151.83667533  .00000447  00000-0  88724-5 0  9999
2 33053  25.5812 150.6706 0012367 357.6920   2.3524 15.11092290550124
1 33053U 08029A   18152.23289822  .00000479  00000-0  10687-4 0  9992
2 33053  25.5816 147.9722 0012399   2.0612 357.9973 15.11092673550154
1 33053U 08029A   18152.29893538  .00000473  00000-0  10380-4 0  9997
2 33053  25.5816 147.5228 0012401   2.8315 357.2289 15.11092668550161
1 33053U 08029A   18153.22345524  .00000490  00000-0  11375-4 0  9992
2 33053  25.5816 141.2291 0012465  13.4889 346.5978 15.11093055550332
1 33053U 08029A   18153.35552950  .00000482  00000-0  10883-4 0  9993
2 33053  25.5816 140.3300 0012478  14.9981 345.0923 15.11093058550322
1 33053U 08029A   18153.35552951  .00000480  00000-0  10785-4 0  9993
2 33053  25.5816 140.3300 0012478  14.9978 345.0925 15.11093046550327
1 33053U 08029A   18154.34608616  .00000458  00000-0  94686-5 0  9991
2 33053  25.5816 133.5867 0012544  26.3277 333.7894 15.11093233550509
1 33053U 08029A   18155.27060519  .00000434  00000-0  81289-5 0  9997
2 33053  25.5817 127.2930 0012602  36.8782 323.2618 15.11093380550616
1 33053U 08029A   18156.19512331  .00000436  00000-0  81980-5 0  9993
2 33053  25.5819 120.9993 0012648  47.3972 312.7629 15.11093714550789
1 33053U 08029A   18156.26116029  .00000436  00000-0  82098-5 0  9996
2 33053  25.5819 120.5498 0012653  48.1412 312.0202 15.11093740550766
1 33053U 08029A   18157.18567760  .00000434  00000-0  81065-5 0  9991
2 33053  25.5821 114.2562 0012691  58.6138 301.5638 15.11094036550905
1 33053U 08029A   18157.91208322  .00000449  00000-0  89650-5 0  9992
2 33053  25.5822 109.3113 0012716  66.8044 293.3829 15.11094387551010
1 33053U 08029A   18157.97811988  .00000469  00000-0  10128-4 0  9991
2 33053  25.5822 108.8617 0012723  67.5317 292.6564 15.11094588551057
1 33053U 08029A   18158.24226705  .00000481  00000-0  10841-4 0  9995
2 33053  25.5822 107.0637 0012708  70.5008 289.6899 15.11094812551062
1 33053U 08029A   18158.90263504  .00000481  00000-0  10838-4 0  9992
2 33053  25.5823 102.5683 0012736  77.9366 282.2595 15.11095058551169
1 33053U 08029A   18159.16678223  .00000470  00000-0  10206-4 0  9996
2 33053  25.5824 100.7701 0012763  80.8956 279.3022 15.11095090551235
1 33053U 08029A   18159.23281893  .00000470  00000-0  10205-4 0  9996
2 33053  25.5824 100.3206 0012741  81.6454 278.5525 15.11095111551210
1 33053U 08029A   18159.95922276  .00000450  00000-0  90234-5 0  9991
2 33053  25.5825  95.3756 0012737  89.9184 270.2810 15.11095255551327
1 33053U 08029A   18160.22336956  .00000431  00000-0  79204-5 0  9990
2 33053  25.5826  93.5775 0012734  92.8689 267.3303 15.11095225551397
1 33053U 08029A   18160.94977257  .00000422  00000-0  74050-5 0  9998
2 33053  25.5827  88.6327 0012729 101.0712 259.1255 15.11095414551474
1 33053U 08029A   18161.87428460  .00000409  00000-0  66132-5 0  9995
2 33053  25.5828  82.3392 0012735 111.5324 248.6569 15.11095624551643
1 33053U 08029A   18161.94032113  .00000407  00000-0  65131-5 0  9995
2 33053  25.5828  81.8897 0012733 112.2746 247.9140 15.11095644551628
1 33053U 08029A   18162.13843057  .00000416  00000-0  70414-5 0  9994
2 33053  25.5829  80.5412 0012716 114.4417 245.7446 15.11095821551653
1 33053U 08029A   18163.12897754  .00000447  00000-0  88584-5 0  9998
2 33053  25.5830  73.7985 0012686 125.6345 234.5373 15.11096324551838
1 33053U 08029A   18164.05348712  .00000459  00000-0  95278-5 0  9997
2 33053  25.5831  67.5051 0012645 136.1428 224.0112 15.11096695551946
1 33053U 08029A   18165.11006873  .00000448  00000-0  89032-5 0  9993
2 33053  25.5832  60.3126 0012575 148.2035 211.9261 15.11096920552134
1 33053U 08029A   18165.90250442  .00000445  00000-0  87036-5 0  9992
2 33053  25.5833  54.9183 0012539 157.2536 202.8557 15.11097116552228
1 33053U 08029A   18166.10061316  .00000433  00000-0  80172-5 0  9996
2 33053  25.5834  53.5695 0012538 159.6777 200.4258 15.11097097552257
1 33053U 08029A   18166.89304846  .00000430  00000-0  78599-5 0  9997
2 33053  25.5835  48.1753 0012483 168.7432 191.3384 15.11097288552374
1 33053U 08029A   18167.09115724  .00000430  00000-0  78115-5 0  9999
2 33053  25.5835  46.8268 0012466 170.9822 189.0938 15.11097352552437
1 33053U 08029A   18167.88359231  .00000420  00000-0  72646-5 0  9991
2 33053  25.5836  41.4326 0012420 180.1271 179.9262 15.11097480552525
1 33053U 08029A   18167.94962850  .00000426  00000-0  76273-5 0  9991
2 33053  25.5836  40.9830 0012404 180.8731 179.1784 15.11097554552533
1 33053U 08029A   18168.80809967  .00000432  00000-0  79684-5 0  9992
2 33053  25.5837  35.1393 0012343 190.8286 169.1984 15.11097797552688
1 33053U 08029A   18168.87413587  .00000438  00000-0  82801-5 0  9999
2 33053  25.5837  34.6898 0012336 191.5991 168.4261 15.11097866552671
1 33053U 08029A   18169.00620832  .00000442  00000-0  85200-5 0  9999
2 33053  25.5837  33.7908 0012324 193.1151 166.9065 15.11097937552692
1 33053U 08029A   18169.93071556  .00000467  00000-0  99728-5 0  9991
2 33053  25.5837  27.4975 0012263 203.9057 156.0909 15.11098376552834
1 33053U 08029A   18169.99675182  .00000466  00000-0  99144-5 0  9993
2 33053  25.5837  27.0480 0012257 204.6782 155.3167 15.11098387552860
1 33053U 08029A   18170.92125930  .00000479  00000-0  10652-4 0  9999
2 33053  25.5837  20.7547 0012206 215.4690 144.5034 15.11098777552985
1 33053U 08029A   18171.58162206  .00000483  00000-0  10908-4 0  9998
2 33053  25.5837  16.2595 0012167 223.2495 136.7085 15.11099000553085
1 33053U 08029A   18171.84576717  .00000476  00000-0  10499-4 0  9990
2 33053  25.5837  14.4614 0012151 226.3677 133.5850 15.11099090553147
1 33053U 08029A   18171.91180352  .00000463  00000-0  97604-5 0  9994
2 33053  25.5837  14.0119 0012146 227.1477 132.8038 15.11099034553131
1 33053U 08029A   18172.57216666  .00000459  00000-0  95060-5 0  9994
2 33053  25.5837   9.5167 0012118 234.9355 125.0043 15.11099200553239
1 33053U 08029A   18172.90234810  .00000469  00000-0  10120-4 0  9996
2 33053  25.5837   7.2691 0012100 238.8846 121.0502 15.11099458553281
1 33053U 08029A   18172.90234810  .00000469  00000-0  10120-4 0  9996
2 33053  25.5837   7.2691 0012100 238.8846 121.0502 15.11099458553304
1 33053U 08029A   18173.89289330  .00000478  00000-0  10602-4 0  9997
2 33053  25.5837   0.5262 0012077 250.5598 109.3632 15.11099891553430
1 33053U 08029A   18174.61929354  .00000502  00000-0  12012-4 0  9990
2 33053  25.5836 355.5815 0012063 259.1685 100.7492 15.11100309553541
1 33053U 08029A   18174.81740268  .00000511  00000-0  12563-4 0  9998
2 33053  25.5837 354.2330 0012059 261.5460  98.3708 15.11100488553598
1 33053U 08029A   18174.88343907  .00000511  00000-0  12520-4 0  9997
2 33053  25.5836 353.7834 0012060 262.3140  97.6025 15.11100513553588
1 33053U 08029A   18175.60983981  .00000524  00000-0  13315-4 0  9997
2 33053  25.5836 348.8387 0012067 270.9526  88.9627 15.11100887553693
1 33053U 08029A   18175.87398565  .00000523  00000-0  13233-4 0  9992
2 33053  25.5836 347.0407 0012069 274.1407  85.7749 15.11101011553738
1 33053U 08029A   18176.53435049  .00000532  00000-0  13764-4 0  9994
2 33053  25.5836 342.5455 0012073 281.9724  77.9458 15.11101331553830
1 33053U 08029A   18176.86453308  .00000522  00000-0  13162-4 0  9999
2 33053  25.5836 340.2978 0012085 285.8912  74.0291 15.11101410553886
1 33053U 08029A   18177.52489832  .00000556  00000-0  15178-4 0  9990
2 33053  25.5835 335.8026 0012099 293.7298  66.1968 15.11101901554002
1 33053U 08029A   18177.59093494  .00000532  00000-0  13749-4 0  9998
2 33053  25.5835 335.3531 0012100 294.5050  65.4224 15.11101783553998
1 33053U 08029A   18177.85508111  .00000528  00000-0  13533-4 0  9990
2 33053  25.5835 333.5550 0012107 297.6765  62.2541 15.11101916554034
1 33053U 08029A   18178.44941031  .00000529  00000-0  13609-4 0  9993
2 33053  25.5835 329.5094 0012128 304.7431  55.1962 15.11102165554120
1 33053U 08029A   18178.77959310  .00000540  00000-0  14233-4 0  9995
2 33053  25.5835 327.2619 0012148 308.7347  51.2102 15.11102462554190
1 33053U 08029A   18179.57203231  .00000513  00000-0  12669-4 0  9999
2 33053  25.5834 321.8675 0012189 318.0278  41.9323 15.11102680554297
1 33053U 08029A   18179.77014212  .00000516  00000-0  12839-4 0  9992
2 33053  25.5834 320.5190 0012206 320.3926  39.5717 15.11102817554327
1 33053U 08029A   18180.49654503  .00000513  00000-0  12704-4 0  9994
2 33053  25.5833 315.5742 0012241 328.9314  31.0497 15.11103132554454
1 33053U 08029A   18180.56258168  .00000508  00000-0  12382-4 0  9995
2 33053  25.5833 315.1246 0012245 329.7075  30.2752 15.11103137554445
1 33053U 08029A   18180.76069162  .00000506  00000-0  12251-4 0  9994
2 33053  25.5833 313.7761 0012275 332.0162  27.9713 15.11103209554471
1 33053U 08029A   18181.55313139  .00000484  00000-0  11019-4 0  9994
2 33053  25.5832 308.3817 0012315 341.2226  18.7854 15.11103444554598
1 33053U 08029A   18181.75124139  .00000474  00000-0  10443-4 0  9995
2 33053  25.5832 307.0330 0012333 343.4690  16.5442 15.11103454554649
1 33053U 08029A   18182.54368136  .00000458  00000-0  94783-5 0  9992
2 33053  25.5831 301.6387 0012383 352.6704   7.3649 15.11103668554748
1 33053U 08029A   18182.74179138  .00000447  00000-0  88782-5 0  9996
2 33053  25.5831 300.2901 0012413 354.8748   5.1659 15.11103659554771
1 33053U 08029A   18183.46819470  .00000424  00000-0  75061-5 0  9997
2 33053  25.5831 295.3452 0012453   3.2496 356.8119 15.11103757554906
1 33053U 08029A   18183.53423134  .00000422  00000-0  73905-5 0  9996
2 33053  25.5831 294.8957 0012467   4.0017 356.0617 15.11103783554895
1 33053U 08029A   18183.66630463  .00000416  00000-0  70625-5 0  9994
2 33053  25.5831 293.9966 0012467   5.5429 354.5243 15.11103809554918
1 33053U 08029A   18184.45874456  .00000398  00000-0  59932-5 0  9991
2 33053  25.5830 288.6023 0012529  14.6996 345.3902 15.11103904555031
1 33053U 08029A   18185.51533047  .00000397  00000-0  59345-5 0  9994
2 33053  25.5829 281.4096 0012589  26.6907 333.4274 15.11104156555211
1 33053U 08029A   18185.64740364  .00000402  00000-0  62559-5 0  9998
2 33053  25.5829 280.5107 0012611  28.1815 331.9401 15.11104245555219
1 33053U 08029A   18186.57191581  .00000407  00000-0  65058-5 0  9994
2 33053  25.5827 274.2172 0012661  38.7149 321.4292 15.11104464555351
1 33053U 08029A   18186.63795235  .00000406  00000-0  64734-5 0  9996
2 33053  25.5827 273.7676 0012662  39.4558 320.6898 15.11104472555382
1 33053U 08029A   18187.56246375  .00000410  00000-0  67246-5 0  9991
2 33053  25.5825 267.4741 0012701  49.9243 310.2404 15.11104701555501
1 33053U 08029A   18187.62850029  .00000408  00000-0  66131-5 0  9994
2 33053  25.5825 267.0246 0012707  50.5858 309.5800 15.11104702555516
1 33053U 08029A   18188.48697454  .00000409  00000-0  66235-5 0  9996
2 33053  25.5823 261.1808 0012749  60.1293 300.0508 15.11104881555675
1 33053U 08029A   18188.55301105  .00000403  00000-0  63163-5 0  9990
2 33053  25.5823 260.7314 0012751  60.7941 299.3869 15.11104853555658
1 33053U 08029A   18189.54355692  .00000407  00000-0  65143-5 0  9994
2 33053  25.5821 253.9878 0012751  72.0803 288.1122 15.11105076555834
1 33053U 08029A   18190.53410158  .00000418  00000-0  71803-5 0  9996
2 33053  25.5820 247.2443 0012744  83.3414 276.8571 15.11105357555959
1 33053U 08029A   18191.19446410  .00000432  00000-0  79479-5 0  9992
2 33053  25.5819 242.7487 0012740  90.8166 269.3829 15.11105551556082
1 33053U 08029A   18191.52464514  .00000426  00000-0  76028-5 0  9994
2 33053  25.5819 240.5009 0012730  94.5735 265.6254 15.11105602556101
1 33053U 08029A   18192.51518752  .00000413  00000-0  68344-5 0  9996
2 33053  25.5818 233.7574 0012714 105.8672 254.3265 15.11105746556284
1 33053U 08029A   18193.43969289  .00000399  00000-0  60395-5 0  9994
2 33053  25.5817 227.4638 0012673 116.1861 243.9979 15.11105873556392
1 33053U 08029A   18194.16608917  .00000394  00000-0  57412-5 0  9994
2 33053  25.5817 222.5186 0012645 124.4670 235.7061 15.11106005556529
1 33053U 08029A   18194.43023314  .00000389  00000-0  54677-5 0  9990
2 33053  25.5817 220.7204 0012627 127.4443 232.7242 15.11106065556547
1 33053U 08029A   18195.42077231  .00000396  00000-0  58722-5 0  9990
2 33053  25.5816 213.9770 0012596 138.7813 221.3674 15.11106370556710
1 33053U 08029A   18196.41131070  .00000406  00000-0  64576-5 0  9998
2 33053  25.5815 207.2335 0012552 150.1178 210.0075 15.11106665556847
1 33053U 08029A   18197.20374103  .00000413  00000-0  68563-5 0  9990
2 33053  25.5815 201.8388 0012494 159.1313 200.9733 15.11106874556986
1 33053U 08029A   18197.40184853  .00000409  00000-0  65822-5 0  9993
2 33053  25.5815 200.4901 0012489 161.4735 198.6256 15.11106893556995
1 33053U 08029A   18198.39238606  .00000397  00000-0  59204-5 0  9991
2 33053  25.5814 193.7468 0012406 172.7817 187.2898 15.11107024557164
1 33053U 08029A   18199.38292326  .00000386  00000-0  52504-5 0  9994
2 33053  25.5814 187.0033 0012327 184.2305 175.8127 15.11107181557296
1 33053U 08029A   18200.17535301  .00000382  00000-0  50396-5 0  9990
2 33053  25.5815 181.6086 0012272 193.4484 166.5724 15.11107314557438
1 33053U 08029A   18200.30742442  .00000398  00000-0  59796-5 0  9991
2 33053  25.5816 180.7095 0012278 195.0681 164.9489 15.11107483557439
1 33053U 08029A   18201.29796163  .00000407  00000-0  65008-5 0  9993
2 33053  25.5817 173.9661 0012222 206.6425 153.3482 15.11107754557602
1 33053U 08029A   18201.95831991  .00000431  00000-0  79087-5 0  9994
2 33053  25.5817 169.4705 0012185 214.3052 145.6697 15.11108038557687
1 33053U 08029A   18202.28849902  .00000435  00000-0  80898-5 0  9998
2 33053  25.5818 167.2227 0012181 218.2106 141.7566 15.11108173557730
1 33053U 08029A   18202.94885757  .00000447  00000-0  87988-5 0  9999
2 33053  25.5819 162.7272 0012150 225.9559 133.9975 15.11108415557831
1 33053U 08029A   18203.14696531  .00000438  00000-0  82989-5 0  9998
2 33053  25.5819 161.3787 0012119 228.3232 131.6266 15.11108420557886
1 33053U 08029A   18203.27903701  .00000436  00000-0  81728-5 0  9990
2 33053  25.5819 160.4794 0012136 229.8901 130.0570 15.11108440557885
1 33053U 08029A   18203.93939606  .00000444  00000-0  86501-5 0  9999
2 33053  25.5820 155.9840 0012099 237.6928 122.2435 15.11108652557981
1 33053U 08029A   18204.92993532  .00000418  00000-0  71464-5 0  9990
2 33053  25.5821 149.2407 0012077 249.3664 110.5576 15.11108750558133
1 33053U 08029A   18205.26011518  .00000425  00000-0  75357-5 0  9996
2 33053  25.5821 146.9930 0012046 253.3004 106.6209 15.11108918558200
1 33053U 08029A   18205.92047535  .00000417  00000-0  70784-5 0  9997
2 33053  25.5822 142.4976 0012015 261.1387  98.7788 15.11109017558281
1 33053U 08029A   18206.91101607  .00000427  00000-0  76889-5 0  9991
2 33053  25.5824 135.7547 0012048 273.0220  86.8936 15.11109396558436
1 33053U 08029A   18207.90155772  .00000422  00000-0  74023-5 0  9996
2 33053  25.5824 129.0115 0012045 284.7576  75.1624 15.11109645558581
1 33053U 08029A   18208.89210032  .00000415  00000-0  69932-5 0  9991
2 33053  25.5824 122.2684 0012055 296.4971  63.4328 15.11109839558730
1 33053U 08029A   18209.94868015  .00000386  00000-0  53011-5 0  9996
2 33053  25.5826 115.0758 0012104 309.0646  50.8812 15.11109888558898
1 33053U 08029A   18210.14678892  .00000372  00000-0  44846-5 0  9993
2 33053  25.5826 113.7271 0012109 311.3423  48.6070 15.11109859558942
1 33053U 08029A   18210.93922436  .00000376  00000-0  46910-5 0  9994
2 33053  25.5827 108.3327 0012149 320.6772  39.2881 15.11110020559049
1 33053U 08029A   18211.79769640  .00000401  00000-0  61757-5 0  9990
2 33053  25.5828 102.4887 0012198 330.8058  29.1794 15.11110327559197
1 33053U 08029A   18211.92976906  .00000401  00000-0  61963-5 0  9999
2 33053  25.5829 101.5897 0012216 332.3754  27.6132 15.11110372559199
1 33053U 08029A   18212.85427752  .00000439  00000-0  83664-5 0  9995
2 33053  25.5830  95.2962 0012275 343.1897  16.8231 15.11110842559356
1 33053U 08029A   18212.92031380  .00000445  00000-0  87480-5 0  9998
2 33053  25.5830  94.8466 0012277 343.9359  16.0786 15.11110901559345
1 33053U 08029A   18213.91085889  .00000446  00000-0  87938-5 0  9990
2 33053  25.5831  88.1036 0012335 355.4226   4.6195 15.11111152559493
1 33053U 08029A   18214.04293154  .00000442  00000-0  85602-5 0  9993
2 33053  25.5831  87.2044 0012335 356.9093   3.1365 15.11111154559530
1 33053U 08029A   18214.90140387  .00000442  00000-0  85899-5 0  9995
2 33053  25.5831  81.3605 0012391   6.8268 353.2434 15.11111403559640
1 33053U 08029A   18215.82591255  .00000431  00000-0  79383-5 0  9990
2 33053  25.5832  75.0671 0012466  17.5150 342.5813 15.11111566559806
1 33053U 08029A   18215.89194887  .00000424  00000-0  74978-5 0  9994
2 33053  25.5832  74.6175 0012465  18.2680 341.8301 15.11111538559796
1 33053U 08029A   18216.02402142  .00000418  00000-0  71525-5 0  9994
2 33053  25.5832  73.7183 0012459  19.7518 340.3498 15.11111536559816
1 33053U 08029A   18216.88249322  .00000414  00000-0  69280-5 0  9998
2 33053  25.5832  67.8744 0012524  29.5782 330.5460 15.11111744559965
1 33053U 08029A   18217.60889204  .00000420  00000-0  72694-5 0  9998
2 33053  25.5832  62.9294 0012566  37.8787 322.2631 15.11111925560055
1 33053U 08029A   18217.87303687  .00000427  00000-0  76850-5 0  9998
2 33053  25.5833  61.1313 0012586  40.8768 319.2709 15.11112083560096
1 33053U 08029A   18217.93907300  .00000435  00000-0  81487-5 0  9998
2 33053  25.5833  60.6818 0012590  41.6386 318.5106 15.11112170560124
1 33053U 08029A   18218.86357956  .00000450  00000-0  90295-5 0  9991
2 33053  25.5833  54.3882 0012630  52.1441 308.0235 15.11112496560240
1 33053U 08029A   18219.85412143  .00000442  00000-0  85464-5 0  9994
2 33053  25.5833  47.6450 0012672  63.3249 296.8583 15.11112709560418
1 33053U 08029A   18220.91069823  .00000422  00000-0  73791-5 0  9994
2 33053  25.5834  40.4521 0012685  75.3296 284.8645 15.11112848560553
1 33053U 08029A   18220.91069823  .00000422  00000-0  73791-5 0  9994
2 33053  25.5834  40.4521 0012685  75.3296 284.8645 15.11112848560575
1 33053U 08029A   18221.90123775  .00000419  00000-0  72203-5 0  9994
2 33053  25.5834  33.7090 0012696  86.4749 273.7238 15.11113102560703
1 33053U 08029A   18222.56159675  .00000429  00000-0  77688-5 0  9998
2 33053  25.5835  29.2137 0012696  93.8983 266.3003 15.11113320560821
1 33053U 08029A   18222.82574011  .00000435  00000-0  81723-5 0  9994
2 33053  25.5835  27.4156 0012696  96.8442 263.3538 15.11113477560840
1 33053U 08029A   18223.48609836  .00000457  00000-0  94174-5 0  9999
2 33053  25.5835  22.9204 0012695 104.2959 255.8987 15.11113751560940
1 33053U 08029A   18223.81627709  .00000464  00000-0  98333-5 0  9994
2 33053  25.5835  20.6726 0012689 108.0872 252.1046 15.11113940561018
1 33053U 08029A   18224.47663440  .00000497  00000-0  11737-4 0  9997
2 33053  25.5835  16.1773 0012671 115.5297 244.6549 15.11114320561090
1 33053U 08029A   18224.80681298  .00000473  00000-0  10367-4 0  9997
2 33053  25.5835  13.9296 0012660 119.2944 240.8857 15.11114275561148
1 33053U 08029A   18225.79734793  .00000457  00000-0  93830-5 0  9994
2 33053  25.5835   7.1867 0012617 130.4454 229.7183 15.11114460561290
1 33053U 08029A   18226.78788191  .00000438  00000-0  82892-5 0  9990
2 33053  25.5834   0.4438 0012569 141.7093 218.4337 15.11114632561465
1 33053U 08029A   18227.71237943  .00000447  00000-0  88422-5 0  9993
2 33053  25.5835 354.1505 0012509 152.2560 207.8644 15.11114984561586
1 33053U 08029A   18228.50480530  .00000466  00000-0  99449-5 0  9995
2 33053  25.5835 348.7561 0012454 161.3399 198.7594 15.11115350561723
1 33053U 08029A   18228.70291169  .00000470  00000-0  10152-4 0  9993
2 33053  25.5835 347.4077 0012430 163.5768 196.5171 15.11115472561732
1 33053U 08029A   18229.69344345  .00000505  00000-0  12207-4 0  9999
2 33053  25.5835 340.6649 0012348 174.9873 185.0787 15.11116029561907
1 33053U 08029A   18230.68397501  .00000496  00000-0  11649-4 0  9990
2 33053  25.5834 333.9219 0012274 186.4902 173.5476 15.11116307562034
1 33053U 08029A   18231.47640016  .00000510  00000-0  12446-4 0  9993
2 33053  25.5834 328.5277 0012204 195.7407 164.2749 15.11116681562174
1 33053U 08029A   18231.60847112  .00000499  00000-0  11850-4 0  9998
2 33053  25.5834 327.6286 0012191 197.2568 162.7554 15.11116654562171
1 33053U 08029A   18231.67450659  .00000495  00000-0  11620-4 0  9992
2 33053  25.5834 327.1792 0012181 198.0702 161.9401 15.11116648562182
1 33053U 08029A   18232.53296714  .00000499  00000-0  11846-4 0  9992
2 33053  25.5833 321.3352 0012137 208.1170 151.8710 15.11117021562336
1 33053U 08029A   18232.59900261  .00000495  00000-0  11614-4 0  9996
2 33053  25.5833 320.8857 0012130 208.8975 151.0889 15.11117021562321
1 33053U 08029A   18232.66503803  .00000493  00000-0  11488-4 0  9992
2 33053  25.5833 320.4362 0012131 209.6681 150.3166 15.11117039562332
1 33053U 08029A   18234.51403093  .00000478  00000-0  10620-4 0  9998
2 33053  25.5831 307.8492 0012040 231.6018 128.3436 15.11117699562631
1 33053U 08029A   18235.57059911  .00000469  00000-0  10099-4 0  9991
2 33053  25.5829 300.6564 0012031 244.1153 115.8141 15.11118019562774
1 33053U 08029A   18235.57059911  .00000469  00000-0  10099-4 0  9991
2 33053  25.5829 300.6564 0012031 244.1153 115.8141 15.11118019562796
1 33053U 08029A   18236.49509699  .00000470  00000-0  10136-4 0  9990
2 33053  25.5828 294.3628 0012024 255.0850 104.8353 15.11118334562919
1 33053U 08029A   18237.48563139  .00000448  00000-0  88846-5 0  9998
2 33053  25.5827 287.6197 0012025 266.9331  92.9828 15.11118511563080
1 33053U 08029A   18237.55166709  .00000446  00000-0  87876-5 0  9998
2 33053  25.5827 287.1702 0012025 267.7849  92.1309 15.11118518563072
1 33053U 08029A   18238.54220209  .00000507  00000-0  12313-4 0  9995
2 33053  25.5826 280.4274 0012053 279.8284  80.0890 15.11119244563224
1 33053U 08029A   18238.54220209  .00000507  00000-0  12313-4 0  9995
2 33053  25.5826 280.4274 0012053 279.8284  80.0890 15.11119244563246
1 33053U 08029A   18239.46670157  .00000513  00000-0  12650-4 0  9999
2 33053  25.5825 274.1335 0012063 290.5363  69.3878 15.11119776563361
1 33053U 08029A   18240.45723739  .00000529  00000-0  13583-4 0  9998
2 33053  25.5824 267.3901 0012097 302.1524  57.7837 15.11120400563530
1 33053U 08029A   18241.44777377  .00000558  00000-0  15271-4 0  9993
2 33053  25.5822 260.6467 0012139 313.7683  46.1847 15.11121108563665
1 33053U 08029A   18242.17416774  .00000513  00000-0  12690-4 0  9998
2 33053  25.5822 255.7015 0012183 322.3034  37.6647 15.11121185563796
1 33053U 08029A   18242.43831105  .00000499  00000-0  11843-4 0  9998
2 33053  25.5821 253.9033 0012201 325.3932  34.5809 15.11121233563819
1 33053U 08029A   18243.42884858  .00000462  00000-0  97145-5 0  9991
2 33053  25.5820 247.1599 0012278 337.0270  22.9716 15.11121509563981
1 33053U 08029A   18244.35335041  .00000452  00000-0  91171-5 0  9991
2 33053  25.5820 240.8660 0012366 347.8783  12.1454 15.11121872564104
1 33053U 08029A   18245.21181652  .00000441  00000-0  85200-5 0  9998
2 33053  25.5820 235.0217 0012442 357.8727   2.1754 15.11122122564259
1 33053U 08029A   18245.34388791  .00000447  00000-0  88260-5 0  9990
2 33053  25.5819 234.1224 0012408 359.3111   0.7406 15.11122258564259
1 33053U 08029A   18246.33442535  .00000456  00000-0  93927-5 0  9993
2 33053  25.5820 227.3788 0012462  10.7076 349.3723 15.11122634564429
1 33053U 08029A   18247.32496248  .00000459  00000-0  95469-5 0  9999
2 33053  25.5819 220.6352 0012515  22.0867 338.0206 15.11122945564553
1 33053U 08029A   18248.18342750  .00000470  00000-0  10155-4 0  9993
2 33053  25.5820 214.7909 0012551  31.8829 328.2464 15.11123288564708
1 33053U 08029A   18249.30603487  .00000444  00000-0  86693-5 0  9997
2 33053  25.5819 207.1482 0012622  44.7290 315.4261 15.11123521564873
1 33053U 08029A   18249.96639151  .00000442  00000-0  85502-5 0  9992
2 33053  25.5820 202.6526 0012638  52.2177 307.9502 15.11123722564955
1 33053U 08029A   18250.23053398  .00000450  00000-0  90368-5 0  9992
2 33053  25.5820 200.8544 0012660  55.2197 304.9529 15.11123915564999
1 33053U 08029A   18250.95692563  .00000453  00000-0  91768-5 0  9992
2 33053  25.5820 195.9093 0012689  63.3884 296.7950 15.11124147565104
1 33053U 08029A   18251.22106778  .00000454  00000-0  92631-5 0  9992
2 33053  25.5820 194.1110 0012690  66.3789 293.8078 15.11124277565163
1 33053U 08029A   18252.21160039  .00000460  00000-0  96066-5 0  9995
2 33053  25.5819 187.3675 0012698  77.5882 282.6073 15.11124650565297
1 33053U 08029A   18253.20213193  .00000446  00000-0  87636-5 0  9992
2 33053  25.5819 180.6241 0012708  88.7430 271.4561 15.11124885565464
1 33053U 08029A   18254.19266221  .00000439  00000-0  83481-5 0  9997
2 33053  25.5820 173.8806 0012694  99.9051 260.2918 15.11125149565594
1 33053U 08029A   18255.11715580  .00000466  00000-0  99375-5 0  9996
2 33053  25.5821 167.5868 0012681 110.3009 249.8889 15.11125667565753
1 33053U 08029A   18256.10768331  .00000495  00000-0  11582-4 0  9993
2 33053  25.5822 160.8435 0012643 121.4937 238.6834 15.11126255565885
1 33053U 08029A   18256.83406944  .00000522  00000-0  13172-4 0  9990
2 33053  25.5823 155.8984 0012610 129.7010 230.4638 15.11126716566016
1 33053U 08029A   18256.90010447  .00000536  00000-0  13972-4 0  9990
2 33053  25.5823 155.4489 0012607 130.4590 229.7046 15.11126838566008
1 33053U 08029A   18257.09820961  .00000538  00000-0  14103-4 0  9990
2 33053  25.5823 154.1002 0012597 132.7149 227.4448 15.11126958566035
1 33053U 08029A   18257.95666495  .00000540  00000-0  14209-4 0  9995
2 33053  25.5824 148.2561 0012551 142.4759 217.6654 15.11127377566165
1 33053U 08029A   18258.08873497  .00000538  00000-0  14096-4 0  9993
2 33053  25.5824 147.3570 0012538 143.9327 216.2056 15.11127434566207
1 33053U 08029A   18258.94718957  .00000539  00000-0  14124-4 0  9990
2 33053  25.5825 141.5130 0012482 153.7504 206.3665 15.11127856566316
1 33053U 08029A   18259.01322453  .00000535  00000-0  13913-4 0  9992
2 33053  25.5824 141.0634 0012477 154.5135 205.6017 15.11127864566325
1 33053U 08029A   18259.87167853  .00000506  00000-0  12212-4 0  9996
2 33053  25.5825 135.2192 0012429 164.4059 195.6860 15.11128126566474
1 33053U 08029A   18259.93771336  .00000504  00000-0  12096-4 0  9998
2 33053  25.5824 134.7696 0012433 165.2159 194.8741 15.11128154566460
1 33053U 08029A   18260.06978311  .00000500  00000-0  11884-4 0  9996
2 33053  25.5824 133.8704 0012425 166.7416 193.3447 15.11128211566486
1 33053U 08029A   18260.86220173  .00000485  00000-0  11007-4 0  9999
2 33053  25.5824 128.4757 0012385 175.9110 184.1528 15.11128497566600
1 33053U 08029A   18260.99427140  .00000491  00000-0  11378-4 0  9994
2 33053  25.5824 127.5767 0012367 177.4341 182.6259 15.11128627566647
1 33053U 08029A   18261.91875940  .00000473  00000-0  10320-4 0  9998
2 33053  25.5825 121.2829 0012312 188.1590 171.8746 15.11128966566763
1 33053U 08029A   18261.98479425  .00000474  00000-0  10365-4 0  9993
2 33053  25.5825 120.8334 0012309 188.9265 171.1052 15.11128999566772
1 33053U 08029A   18262.84324737  .00000503  00000-0  12070-4 0  9992
2 33053  25.5826 114.9892 0012245 198.9400 161.0681 15.11129522566923
1 33053U 08029A   18263.76773546  .00000500  00000-0  11859-4 0  9991
2 33053  25.5826 108.6953 0012218 209.7590 150.2250 15.11129850567042
1 33053U 08029A   18264.89032889  .00000464  00000-0  97764-5 0  9993
2 33053  25.5827 101.0527 0012186 222.9475 137.0109 15.11129961567218
1 33053U 08029A   18265.61671309  .00000451  00000-0  90242-5 0  9990
2 33053  25.5827  96.1076 0012143 231.5564 128.3881 15.11130132567323
1 33053U 08029A   18265.88085281  .00000446  00000-0  87619-5 0  9995
2 33053  25.5828  94.3093 0012135 234.6839 125.2562 15.11130231567369
1 33053U 08029A   18266.60723717  .00000520  00000-0  13026-4 0  9992
2 33053  25.5828  89.3641 0012130 243.1358 116.7937 15.11130941567479
1 33053U 08029A   18266.87137698  .00000529  00000-0  13569-4 0  9999
2 33053  25.5829  87.5659 0012119 246.3180 113.6083 15.11131142567511
1 33053U 08029A   18267.59776201  .00000515  00000-0  12781-4 0  9998
2 33053  25.5829  82.6208 0012099 254.9141 105.0056 15.11131352567626
1 33053U 08029A   18267.86190192  .00000535  00000-0  13941-4 0  9998
2 33053  25.5830  80.8225 0012111 258.0381 101.8796 15.11131616567665
1 33053U 08029A   18268.85242790  .00000508  00000-0  12329-4 0  9999
2 33053  25.5831  74.0793 0012110 269.8115  90.1032 15.11131839567812
1 33053U 08029A   18268.85242790  .00000508  00000-0  12329-4 0  9999
2 33053  25.5831  74.0793 0012110 269.8115  90.1032 15.11131839567834
1 33053U 08029A   18269.84295464  .00000502  00000-0  11985-4 0  9996
2 33053  25.5831  67.3361 0012111 281.5790  78.3385 15.11132216567964
1 33053U 08029A   18270.76744709  .00000467  00000-0  10001-4 0  9998
2 33053  25.5832  61.0426 0012121 292.6214  67.3039 15.11132400568121
1 33053U 08029A   18270.83348226  .00000461  00000-0  96465-5 0  9993
2 33053  25.5832  60.5930 0012124 293.3940  66.5320 15.11132394568117
1 33053U 08029A   18271.82401035  .00000456  00000-0  93529-5 0  9993
2 33053  25.5833  53.8498 0012157 305.1417  54.7979 15.11132812568281
1 33053U 08029A   18272.74850376  .00000467  00000-0  10014-4 0  9990
2 33053  25.5834  47.5561 0012206 316.0550  43.9014 15.11133269568408
1 33053U 08029A   18273.47489184  .00000480  00000-0  10747-4 0  9994
2 33053  25.5835  42.6112 0012244 324.5788  35.3933 15.11133583568534
1 33053U 08029A   18273.67299759  .00000483  00000-0  10915-4 0  9993
2 33053  25.5836  41.2624 0012271 326.8782  33.0985 15.11133710568542
1 33053U 08029A   18274.53145641  .00000498  00000-0  11785-4 0  9991
2 33053  25.5836  35.4184 0012320 336.8812  23.1168 15.11134131568695
1 33053U 08029A   18274.59749173  .00000495  00000-0  11648-4 0  9992
2 33053  25.5837  34.9689 0012332 337.6295  22.3701 15.11134139568688
1 33053U 08029A   18274.72956239  .00000497  00000-0  11742-4 0  9997
2 33053  25.5837  34.0698 0012365 339.1567  20.8463 15.11134183568704
1 33053U 08029A   18275.58802128  .00000517  00000-0  12878-4 0  9993
2 33053  25.5837  28.2258 0012411 349.0512  10.9752 15.11134661568839
1 33053U 08029A   18275.65405659  .00000515  00000-0  12796-4 0  9996
2 33053  25.5837  27.7762 0012419 349.8011  10.2272 15.11134681568868
1 33053U 08029A   18276.57855104  .00000482  00000-0  10845-4 0  9998
2 33053  25.5838  21.4824 0012461   0.4602 359.5943 15.11134779568987
1 33053U 08029A   18277.56908051  .00000465  00000-0  98729-5 0  9997
2 33053  25.5838  14.7393 0012514  11.8197 348.2630 15.11135062569151
1 33053U 08029A   18277.63511574  .00000466  00000-0  99201-5 0  9992
2 33053  25.5838  14.2897 0012511  12.5935 347.4911 15.11135098569141
1 33053U 08029A   18278.62564482  .00000494  00000-0  11595-4 0  9998
2 33053  25.5839   7.5472 0012635  23.8145 336.2973 15.11135666569315
1 33053U 08029A   18279.61617313  .00000529  00000-0  13577-4 0  9991
2 33053  25.5838   0.8040 0012679  35.1028 325.0341 15.11136198569445
1 33053U 08029A   18280.54066557  .00000535  00000-0  13945-4 0  9999
2 33053  25.5838 354.5104 0012721  45.5848 314.5727 15.11136551569600
1 33053U 08029A   18281.59722688  .00000559  00000-0  15350-4 0  9997
2 33053  25.5837 347.3176 0012737  57.5092 302.6673 15.11137166569767
1 33053U 08029A   18282.58775200  .00000531  00000-0  13692-4 0  9992
2 33053  25.5837 340.5744 0012741  68.7200 291.4694 15.11137466569898
1 33053U 08029A   18283.51224083  .00000547  00000-0  14650-4 0  9996
2 33053  25.5836 334.2809 0012753  79.1344 281.0626 15.11138035570050
1 33053U 08029A   18284.50276315  .00000578  00000-0  16409-4 0  9999
2 33053  25.5836 327.5378 0012740  90.2449 269.9546 15.11138750570186
1 33053U 08029A   18285.16311073  .00000576  00000-0  16314-4 0  9996
2 33053  25.5835 323.0425 0012733  97.5837 262.6145 15.11139084570302
1 33053U 08029A   18285.49328422  .00000558  00000-0  15282-4 0  9991
2 33053  25.5834 320.7946 0012724 101.4921 258.7043 15.11139167570330
1 33053U 08029A   18286.21966542  .00000556  00000-0  15124-4 0  9996
2 33053  25.5833 315.8495 0012720 109.7535 250.4373 15.11139557570463
1 33053U 08029A   18286.48380393  .00000544  00000-0  14439-4 0  9994
2 33053  25.5833 314.0514 0012698 112.6753 247.5126 15.11139633570485
1 33053U 08029A   18286.61587289  .00000545  00000-0  14511-4 0  9994
2 33053  25.5832 313.1520 0012726 114.4265 245.7599 15.11139754570502
1 33053U 08029A   18287.47432193  .00000580  00000-0  16554-4 0  9990
2 33053  25.5832 307.3079 0012692 124.1275 236.0465 15.11140468570652
1 33053U 08029A   18288.39880466  .00000535  00000-0  13904-4 0  9998
2 33053  25.5831 301.0141 0012633 134.5695 225.5873 15.11140711570778
1 33053U 08029A   18289.19121756  .00000552  00000-0  14926-4 0  9991
2 33053  25.5830 295.6195 0012589 143.5714 216.5679 15.11141237570910
1 33053U 08029A   18289.38932062  .00000559  00000-0  15328-4 0  9996
2 33053  25.5830 294.2709 0012570 145.7970 214.3376 15.11141415570923
1 33053U 08029A   18290.37983565  .00000552  00000-0  14907-4 0  9996
2 33053  25.5829 287.5273 0012550 157.2310 202.8784 15.11141897571094
1 33053U 08029A   18291.37035016  .00000557  00000-0  15154-4 0  9996
2 33053  25.5829 280.7840 0012475 168.5791 191.5028 15.11142413571228
1 33053U 08029A   18292.16276132  .00000547  00000-0  14586-4 0  9997
2 33053  25.5829 275.3894 0012433 177.7472 182.3121 15.11142778571360
1 33053U 08029A   18292.29482986  .00000540  00000-0  14215-4 0  9999
2 33053  25.5829 274.4903 0012426 179.3017 180.7537 15.11142800571365
1 33053U 08029A   18292.95517280  .00000525  00000-0  13351-4 0  9991
2 33053  25.5828 269.9949 0012298 186.8124 173.2245 15.11142943571464
1 33053U 08029A   18293.21930977  .00000505  00000-0  12179-4 0  9998
2 33053  25.5829 268.1966 0012305 189.9596 170.0696 15.11142967571529
1 33053U 08029A   18293.28534401  .00000505  00000-0  12141-4 0  9996
2 33053  25.5828 267.7470 0012300 190.7303 169.2970 15.11142995571519
1 33053U 08029A   18294.27585778  .00000472  00000-0  10233-4 0  9992
2 33053  25.5829 261.0037 0012239 202.4057 157.5944 15.11143245571682
1 33053U 08029A   18294.93620050  .00000480  00000-0  10687-4 0  9990
2 33053  25.5828 256.5081 0012183 210.1058 149.8778 15.11143504571760
1 33053U 08029A   18295.26637166  .00000512  00000-0  12568-4 0  9999
2 33053  25.5828 254.2604 0012180 214.0866 145.8887 15.11143878571810
1 33053U 08029A   18296.19085167  .00000522  00000-0  13162-4 0  9992
2 33053  25.5828 247.9665 0012152 224.9747 134.9804 15.11144279571974
1 33053U 08029A   18296.38895453  .00000530  00000-0  13624-4 0  9992
2 33053  25.5827 246.6178 0012134 227.3061 132.6452 15.11144417571983
1 33053U 08029A   18296.91722902  .00000543  00000-0  14340-4 0  9999
2 33053  25.5826 243.0212 0012118 233.4713 126.4706 15.11144668572067
1 33053U 08029A   18297.24740077  .00000519  00000-0  12993-4 0  9994
2 33053  25.5825 240.7734 0012100 237.3149 122.6219 15.11144671572113
1 33053U 08029A   18297.90774433  .00000516  00000-0  12794-4 0  9996
2 33053  25.5825 236.2777 0012082 245.0904 114.8375 15.11144884572217
1 33053U 08029A   18298.23791638  .00000471  00000-0  10219-4 0  9999
2 33053  25.5824 234.0300 0012078 249.0445 110.8798 15.11144809572260
1 33053U 08029A   18299.22843248  .00000479  00000-0  10672-4 0  9995
2 33053  25.5824 227.2865 0012051 260.7754  99.1418 15.11145216572434
1 33053U 08029A   18300.15291481  .00000489  00000-0  11261-4 0  9992
2 33053  25.5823 220.9925 0012025 271.6865  88.2293 15.11145656572556
1 33053U 08029A   18301.14343242  .00000498  00000-0  11747-4 0  9994
2 33053  25.5823 214.2492 0012008 283.4648  76.4549 15.11146118572728
1 33053U 08029A   18302.13395082  .00000491  00000-0  11389-4 0  9998
2 33053  25.5822 207.5061 0012068 295.2649  64.6635 15.11146491572855
1 33053U 08029A   18302.92636603  .00000486  00000-0  11098-4 0  9993
2 33053  25.5822 202.1114 0012086 304.6720  55.2676 15.11146795572971
1 33053U 08029A   18303.12446994  .00000474  00000-0  10365-4 0  9991
2 33053  25.5821 200.7628 0012097 306.9744  52.9684 15.11146781573022
1 33053U 08029A   18303.91688564  .00000465  00000-0  98740-5 0  9993
2 33053  25.5820 195.3680 0012125 316.3170  43.6405 15.11147047573123
1 33053U 08029A   18304.90740578  .00000448  00000-0  89041-5 0  9992
2 33053  25.5820 188.6246 0012189 327.8963  32.0829 15.11147291573272
1 33053U 08029A   18305.03947514  .00000449  00000-0  89538-5 0  9998
2 33053  25.5820 187.7254 0012224 329.4567  30.5256 15.11147353573310
1 33053U 08029A   18305.89792621  .00000451  00000-0  90335-5 0  9999
2 33053  25.5820 181.8811 0012280 339.4889  20.5152 15.11147662573423
1 33053U 08029A   18306.82241210  .00000456  00000-0  93785-5 0  9993
2 33053  25.5819 175.5871 0012336 350.2822   9.7473 15.11148000573586
1 33053U 08029A   18306.88844684  .00000461  00000-0  96686-5 0  9992
2 33053  25.5819 175.1376 0012352 351.0807   8.9508 15.11148057573573
1 33053U 08029A   18307.94500222  .00000459  00000-0  95441-5 0  9992
2 33053  25.5818 167.9442 0012427   3.2535 356.8080 15.11148338573732
1 33053U 08029A   18308.01103690  .00000458  00000-0  94747-5 0  9996
2 33053  25.5818 167.4946 0012429   4.0085 356.0548 15.11148348573762
1 33053U 08029A   18308.80345314  .00000466  00000-0  99137-5 0  9991
2 33053  25.5818 162.0996 0012466  13.1188 346.9670 15.11148644573868
1 33053U 08029A   18309.86000791  .00000467  00000-0  99990-5 0  9993
2 33053  25.5818 154.9063 0012541  25.2952 334.8196 15.11148982574045
1 33053U 08029A   18309.92604247  .00000476  00000-0  10499-4 0  9992
2 33053  25.5818 154.4567 0012541  26.0390 334.0775 15.11149067574033
1 33053U 08029A   18310.65242333  .00000464  00000-0  98101-5 0  9992
2 33053  25.5818 149.5112 0012566  34.3539 325.7807 15.11149223574147
1 33053U 08029A   18314.48242244  .00000476  00000-0  10519-4 0  9997
2 33053  25.5820 123.4360 0012691  77.7976 282.3980 15.11150830574743
1 33053U 08029A   18315.47293591  .00000488  00000-0  11195-4 0  9992
2 33053  25.5820 116.6923 0012689  88.9930 271.2059 15.11151478574870
1 33053U 08029A   18316.52948318  .00000480  00000-0  10745-4 0  9995
2 33053  25.5822 109.4990 0012670 100.8813 259.3149 15.11151781575055
1 33053U 08029A   18317.58602895  .00000473  00000-0  10340-4 0  9992
2 33053  25.5824 102.3058 0012632 112.7723 247.4148 15.11152083575192
1 33053U 08029A   18317.65206298  .00000472  00000-0  10254-4 0  9990
2 33053  25.5824 101.8562 0012632 113.5256 246.6607 15.11152106575227
1 33053U 08029A   18318.70860723  .00000462  00000-0  97075-5 0  9992
2 33053  25.5825  94.6628 0012556 125.5351 234.6356 15.11152370575382
1 33053U 08029A   18319.56704863  .00000472  00000-0  10270-4 0  9991
2 33053  25.5827  88.8185 0012512 135.3198 224.8347 15.11152661575493
1 33053U 08029A   18320.55755696  .00000465  00000-0  98667-5 0  9991
2 33053  25.5828  82.0749 0012522 146.5641 213.5687 15.11152985575664
1 33053U 08029A   18320.62359085  .00000460  00000-0  95846-5 0  9992
2 33053  25.5828  81.6254 0012517 147.3167 212.8144 15.11152978575657
1 33053U 08029A   18321.61409850  .00000455  00000-0  92628-5 0  9997
2 33053  25.5830  74.8820 0012459 158.7784 201.3270 15.11153227575807
1 33053U 08029A   18321.68013228  .00000467  00000-0  99516-5 0  9990
2 33053  25.5831  74.4326 0012443 159.4627 200.6410 15.11153349575838
1 33053U 08029A   18322.67063919  .00000495  00000-0  11591-4 0  9999
2 33053  25.5834  67.6894 0012371 171.0171 189.0586 15.11153824575965
1 33053U 08029A   18323.52907826  .00000517  00000-0  12871-4 0  9995
2 33053  25.5835  61.8454 0012318 180.9225 179.1288 15.11154241576115
1 33053U 08029A   18323.59511205  .00000512  00000-0  12593-4 0  9990
2 33053  25.5835  61.3958 0012310 181.7008 178.3487 15.11154234576102
1 33053U 08029A   18324.58561873  .00000505  00000-0  12168-4 0  9996
2 33053  25.5836  54.6528 0012234 193.2677 166.7538 15.11154478576272
1 33053U 08029A   18325.64215904  .00000499  00000-0  11823-4 0  9994
2 33053  25.5837  47.4601 0012170 205.6100 154.3833 15.11154837576431
1 33053U 08029A   18326.63266575  .00000482  00000-0  10811-4 0  9992
2 33053  25.5838  40.7170 0012128 217.2438 142.7256 15.11155130576566
1 33053U 08029A   18327.49110531  .00000477  00000-0  10542-4 0  9992
2 33053  25.5839  34.8731 0012084 227.5214 132.4300 15.11155419576714
1 33053U 08029A   18327.55713912  .00000491  00000-0  11357-4 0  9992
2 33053  25.5839  34.4237 0012071 228.3274 131.6228 15.11155538576703
1 33053U 08029A   18328.54764668  .00000505  00000-0  12140-4 0  9993
2 33053  25.5841  27.6806 0012050 240.1407 119.7930 15.11156006576853
1 33053U 08029A   18328.54764668  .00000505  00000-0  12140-4 0  9993
2 33053  25.5841  27.6806 0012050 240.1407 119.7930 15.11156006576875
1 33053U 08029A   18329.53815490  .00000513  00000-0  12605-4 0  9998
2 33053  25.5841  20.9375 0012042 251.8991 108.0232 15.11156442577006
1 33053U 08029A   18330.19849413  .00000518  00000-0  12895-4 0  9990
2 33053  25.5841  16.4422 0012042 259.7700 100.1477 15.11156727577127
1 33053U 08029A   18330.52866398  .00000480  00000-0  10730-4 0  9992
2 33053  25.5841  14.1944 0012053 263.6225  96.2937 15.11156634577155
1 33053U 08029A   18331.45313983  .00000467  00000-0  99552-5 0  9997
2 33053  25.5841   7.9007 0012059 274.3804  85.5353 15.11156878577314
1 33053U 08029A   18332.50968463  .00000461  00000-0  96441-5 0  9991
2 33053  25.5841   0.7082 0012075 287.0551  72.8661 15.11157215577470
1 33053U 08029A   18333.43416196  .00000478  00000-0  10614-4 0  9990
2 33053  25.5841 354.4146 0012117 298.0424  61.8885 15.11157621577598
1 33053U 08029A   18334.22657151  .00000497  00000-0  11725-4 0  9991
2 33053  25.5841 349.0200 0012132 307.3084  52.6345 15.11158001577730
1 33053U 08029A   18334.42467395  .00000521  00000-0  13106-4 0  9995
2 33053  25.5841 347.6714 0012150 309.6248  50.3214 15.11158197577748
1 33053U 08029A   18335.34915240  .00000541  00000-0  14272-4 0  9991
2 33053  25.5840 341.3777 0012188 320.5023  39.4623 15.11158628577900
1 33053U 08029A   18336.33966527  .00000537  00000-0  14058-4 0  9992
2 33053  25.5839 334.6346 0012247 332.1152  27.8726 15.11159036578037
1 33053U 08029A   18337.19811023  .00000491  00000-0  11388-4 0  9999
2 33053  25.5839 328.7904 0012287 342.0511  17.9590 15.11159059578184
1 33053U 08029A   18337.39621308  .00000474  00000-0  10377-4 0  9994
2 33053  25.5839 327.4418 0012315 344.3926  15.6229 15.11159003578191
1 33053U 08029A   18338.32069232  .00000452  00000-0  91098-5 0  9996
2 33053  25.5838 321.1482 0012374 355.0663   4.9749 15.11159201578350
1 33053U 08029A   18339.31120550  .00000475  00000-0  10464-4 0  9999
2 33053  25.5838 314.4051 0012444   6.5005 353.5690 15.11159732578484
1 33053U 08029A   18340.16965000  .00000490  00000-0  11335-4 0  9996
2 33053  25.5837 308.5610 0012494  16.3398 343.7539 15.11160141578633
1 33053U 08029A   18340.96205991  .00000522  00000-0  13173-4 0  9998
2 33053  25.5835 303.1664 0012542  25.4390 334.6761 15.11160634578732
1 33053U 08029A   18341.29223074  .00000497  00000-0  11718-4 0  9991
2 33053  25.5835 300.9186 0012557  29.1599 330.9636 15.11160584578806
1 33053U 08029A   18341.95257192  .00000474  00000-0  10380-4 0  9991
2 33053  25.5834 296.4230 0012593  36.7194 323.4203 15.11160704578888
1 33053U 08029A   18342.94308282  .00000477  00000-0  10579-4 0  9991
2 33053  25.5832 289.6795 0012628  48.0303 312.1307 15.11161158579035
1 33053U 08029A   18343.20721879  .00000480  00000-0  10717-4 0  9990
2 33053  25.5832 287.8813 0012628  50.9670 309.1988 15.11161317579099
1 33053U 08029A   18343.93359262  .00000480  00000-0  10737-4 0  9995
2 33053  25.5832 282.9361 0012661  59.2305 300.9475 15.11161587579186
1 33053U 08029A   18344.92410099  .00000521  00000-0  13113-4 0  9998
2 33053  25.5831 276.1928 0012687  70.4025 289.7879 15.11162333579330
1 33053U 08029A   18345.12220245  .00000520  00000-0  13043-4 0  9994
2 33053  25.5830 274.8441 0012675  72.6576 287.5345 15.11162451579386
1 33053U 08029A   18345.18823629  .00000525  00000-0  13323-4 0  9991
2 33053  25.5831 274.3945 0012670  73.3900 286.8026 15.11162495579370
1 33053U 08029A   18346.17874317  .00000521  00000-0  13127-4 0  9999
2 33053  25.5829 267.6511 0012681  84.6215 275.5767 15.11162951579540
1 33053U 08029A   18346.90511406  .00000518  00000-0  12922-4 0  9995
2 33053  25.5828 262.7060 0012683  92.8128 267.3859 15.11163279579635
1 33053U 08029A   18347.89561887  .00000480  00000-0  10744-4 0  9990
2 33053  25.5826 255.9626 0012664 104.0835 256.1109 15.11163479579787
1 33053U 08029A   18348.15975325  .00000469  00000-0  10090-4 0  9997
2 33053  25.5826 254.1644 0012653 107.0444 253.1478 15.11163543579840
1 33053U 08029A   18349.15025635  .00000460  00000-0  95498-5 0  9995
2 33053  25.5824 247.4210 0012639 118.2475 241.9337 15.11163931579978
1 33053U 08029A   18350.07472491  .00000458  00000-0  94547-5 0  9995
2 33053  25.5822 241.1272 0012602 128.7063 231.4601 15.11164277580136
1 33053U 08029A   18350.86712592  .00000447  00000-0  87739-5 0  9994
2 33053  25.5821 235.7324 0012570 137.6979 222.4527 15.11164456580238
1 33053U 08029A   18351.85762632  .00000461  00000-0  96331-5 0  9998
2 33053  25.5818 228.9887 0012532 148.9820 211.1457 15.11164836580408
1 33053U 08029A   18352.71605958  .00000458  00000-0  94599-5 0  9991
2 33053  25.5817 223.1443 0012473 158.7704 201.3350 15.11165023580510
1 33053U 08029A   18353.70655878  .00000460  00000-0  95181-5 0  9998
2 33053  25.5816 216.4006 0012408 170.1243 189.9538 15.11165350580683
1 33053U 08029A   18353.90465847  .00000457  00000-0  93703-5 0  9999
2 33053  25.5816 215.0516 0012397 172.4236 187.6488 15.11165432580699
1 33053U 08029A   18354.03672502  .00000453  00000-0  91224-5 0  9994
2 33053  25.5816 214.1526 0012395 173.9755 186.0930 15.11165434580710
1 33053U 08029A   18354.82912409  .00000447  00000-0  87954-5 0  9992
2 33053  25.5816 208.7575 0012364 183.1624 176.8834 15.11165623580852
1 33053U 08029A   18354.89515737  .00000439  00000-0  83357-5 0  9996
2 33053  25.5816 208.3079 0012358 183.9514 176.0925 15.11165588580848
1 33053U 08029A   18354.96119062  .00000438  00000-0  82662-5 0  9992
2 33053  25.5816 207.8583 0012347 184.7394 175.3025 15.11165597580859
1 33053U 08029A   18355.95169005  .00000438  00000-0  82662-5 0  9994
2 33053  25.5837 201.1030 0012552 194.5203 165.5104 15.11166396581029
1 33053U 08029A   18356.61202200  .00000436  00000-0  81215-5 0  9994
2 33053  25.5815 196.6188 0012234 203.9863 156.0102 15.11166035581103
1 33053U 08029A   18356.87615498  .00000433  00000-0  79991-5 0  9994
2 33053  25.5815 194.8204 0012222 207.0935 152.8963 15.11166139581142
1 33053U 08029A   18357.86665423  .00000423  00000-0  74119-5 0  9993
2 33053  25.5815 188.0767 0012164 218.6959 141.2705 15.11166359581319
1 33053U 08029A   18357.93268755  .00000419  00000-0  71885-5 0  9990
2 33053  25.5814 187.6270 0012156 219.4913 140.4737 15.11166350581308
1 33053U 08029A   18358.85715407  .00000402  00000-0  61903-5 0  9995
2 33053  25.5814 181.3329 0012104 230.3862 129.5604 15.11166502581447
1 33053U 08029A   18358.92318744  .00000398  00000-0  59552-5 0  9997
2 33053  25.5814 180.8833 0012097 231.1797 128.7658 15.11166489581475
1 33053U 08029A   18359.84765453  .00000384  00000-0  51513-5 0  9996
2 33053  25.5814 174.5889 0012068 242.0789 117.8524 15.11166644581593
1 33053U 08029A   18360.83815577  .00000383  00000-0  51062-5 0  9998
2 33053  25.5815 167.8451 0012046 253.9277 105.9931 15.11166869581761
1 33053U 08029A   18361.56452384  .00000404  00000-0  62809-5 0  9997
2 33053  25.5816 162.8996 0012063 262.6285  97.2879 15.11167099581856
1 33053U 08029A   18361.76262426  .00000405  00000-0  63421-5 0  9997
2 33053  25.5816 161.5508 0012066 264.9612  94.9546 15.11167168581888
1 33053U 08029A   18362.55502645  .00000437  00000-0  82127-5 0  9994
2 33053  25.5817 156.1557 0012068 274.3737  85.5419 15.11167512582023
1 33053U 08029A   18362.62105994  .00000439  00000-0  83540-5 0  9990
2 33053  25.5817 155.7061 0012074 275.1353  84.7804 15.11167555582013
1 33053U 08029A   18362.81916046  .00000438  00000-0  82711-5 0  9997
2 33053  25.5817 154.3570 0012095 277.3918  82.5243 15.11167594582046
1 33053U 08029A   18363.61156335  .00000450  00000-0  89964-5 0  9994
2 33053  25.5818 148.9619 0012109 286.6746  73.2460 15.11167848582161
1 33053U 08029A   18363.74363065  .00000443  00000-0  85413-5 0  9995
2 33053  25.5818 148.0627 0012110 288.2885  71.6332 15.11167820582200
1 33053U 08029A   18364.60206798  .00000423  00000-0  74086-5 0  9992
2 33053  25.5820 142.2181 0012146 298.4473  61.4838 15.11167906582314
1 33053U 08029A   18364.80016891  .00000424  00000-0  74940-5 0  9997
2 33053  25.5821 140.8693 0012164 300.7763  59.1574 15.11167972582365
1 33053U 08029A   18365.59257321  .00000411  00000-0  67326-5 0  9995
2 33053  25.5823 135.4743 0012192 310.0841  49.8625 15.11168102582465
1 33053U 08029A   18365.79067427  .00000425  00000-0  75572-5 0  9990
2 33053  25.5823 134.1258 0012201 312.5458  47.4047 15.11168297582494
1 33053U 08029A   19001.51704526  .00000421  00000-0  73115-5 0  9993
2 33053  25.5825 129.1805 0012235 321.0763  38.8891 15.11168475582623
1 33053U 08029A   19001.58307896  .00000427  00000-0  76408-5 0  9993
2 33053  25.5825 128.7310 0012239 321.8511  38.1158 15.11168544582617
1 33053U 08029A   19001.64911268  .00000432  00000-0  79160-5 0  9998
2 33053  25.5825 128.2815 0012255 322.6423  37.3260 15.11168598582626
1 33053U 08029A   19002.70565274  .00000442  00000-0  85284-5 0  9993
2 33053  25.5826 121.0886 0012312 335.1016  24.8924 15.11169007582801
1 33053U 08029A   19003.69615930  .00000455  00000-0  93072-5 0  9995
2 33053  25.5827 114.3452 0012385 346.6565  13.3642 15.11169407582930
1 33053U 08029A   19004.35649718  .00000430  00000-0  78447-5 0  9992
2 33053  25.5828 109.8497 0012435 354.3469   5.6925 15.11169462583057
1 33053U 08029A   19004.68666602  .00000406  00000-0  64511-5 0  9999
2 33053  25.5829 107.6017 0012436 358.0306   2.0179 15.11169429583082
1 33053U 08029A   19005.47907136  .00000405  00000-0  64033-5 0  9995
2 33053  25.5830 102.2071 0012511   7.0995 352.9716 15.11169654583224
1 33053U 08029A   19005.67717263  .00000404  00000-0  63488-5 0  9999
2 33053  25.5830 100.8584 0012531   9.3705 350.7063 15.11169730583230
1 33053U 08029A   19006.53561147  .00000407  00000-0  64805-5 0  9990
2 33053  25.5832  95.0142 0012589  19.1796 340.9211 15.11169966583382
1 33053U 08029A   19006.60164514  .00000434  00000-0  80724-5 0  9993
2 33053  25.5832  94.5650 0012639  19.8603 340.2423 15.11170195583373
1 33053U 08029A   19007.59215058  .00000455  00000-0  93127-5 0  9996
2 33053  25.5833  87.8214 0012656  31.1659 328.9625 15.11170639583541
1 33053U 08029A   19008.51662173  .00000469  00000-0  10101-4 0  9998
2 33053  25.5835  81.5276 0012693  41.7074 318.4427 15.11171043583668
1 33053U 08029A   19009.50712590  .00000475  00000-0  10436-4 0  9995
2 33053  25.5836  74.7844 0012746  52.7823 307.3874 15.11171382583835
1 33053U 08029A   19009.57315942  .00000475  00000-0  10463-4 0  9992
2 33053  25.5836  74.3348 0012742  53.5642 306.6066 15.11171413583823
1 33053U 08029A   19010.23349486  .00000470  00000-0  10162-4 0  9998
2 33053  25.5836  69.8393 0012756  60.9882 299.1931 15.11171600583921
1 33053U 08029A   19011.22399710  .00000454  00000-0  92510-5 0  9993
2 33053  25.5837  63.0961 0012782  72.1491 288.0437 15.11171869584093
1 33053U 08029A   19011.55416417  .00000441  00000-0  84529-5 0  9990
2 33053  25.5838  60.8482 0012748  76.0176 284.1777 15.11171894584128
1 33053U 08029A   19012.47863129  .00000431  00000-0  79053-5 0  9993
2 33053  25.5839  54.5543 0012724  86.6290 273.5701 15.11172145584281
1 33053U 08029A   19013.46913082  .00000430  00000-0  78251-5 0  9995
2 33053  25.5839  47.8111 0012703  97.6744 262.5234 15.11172413584412
1 33053U 08029A   19014.19549643  .00000437  00000-0  82365-5 0  9992
2 33053  25.5839  42.8661 0012693 105.8200 254.3735 15.11172625584548
1 33053U 08029A   19014.45962900  .00000458  00000-0  94590-5 0  9992
2 33053  25.5839  41.0677 0012694 108.9814 251.2097 15.11172858584569
1 33053U 08029A   19015.45012625  .00000447  00000-0  88315-5 0  9999
2 33053  25.5840  34.3245 0012661 120.1496 240.0294 15.11173044584735
1 33053U 08029A   19016.44062251  .00000424  00000-0  74781-5 0  9996
2 33053  25.5840  27.5813 0012618 131.3258 228.8364 15.11173149584864
1 33053U 08029A   19017.16698587  .00000402  00000-0  62053-5 0  9998
2 33053  25.5840  22.6362 0012558 139.5352 220.6118 15.11173183584996
1 33053U 08029A   19017.36508459  .00000422  00000-0  73733-5 0  9997
2 33053  25.5840  21.2875 0012562 141.9519 218.1905 15.11173417585006
1 33053U 08029A   19018.22351320  .00000422  00000-0  73342-5 0  9992
2 33053  25.5841  15.4435 0012517 151.7469 208.3747 15.11173620585154
1 33053U 08029A   19018.35557896  .00000441  00000-0  84222-5 0  9992
2 33053  25.5841  14.5444 0012512 153.2835 206.8346 15.11173789585157
1 33053U 08029A   19019.34607275  .00000451  00000-0  90490-5 0  9994
2 33053  25.5840   7.8011 0012455 164.6281 195.4634 15.11174093585329
1 33053U 08029A   19020.33656613  .00000458  00000-0  94057-5 0  9995
2 33053  25.5840   1.0578 0012387 176.0664 183.9970 15.11174379585455
1 33053U 08029A   19021.32705940  .00000431  00000-0  78618-5 0  9999
2 33053  25.5839 354.3146 0012316 187.5186 172.5166 15.11174476585602
1 33053U 08029A   19022.18548681  .00000430  00000-0  78129-5 0  9997
2 33053  25.5839 348.4706 0012264 197.5094 162.5019 15.11174731585755
1 33053U 08029A   19022.31755260  .00000432  00000-0  79268-5 0  9992
2 33053  25.5838 347.5714 0012256 199.0356 160.9721 15.11174764585750
1 33053U 08029A   19023.24201296  .00000459  00000-0  94836-5 0  9997
2 33053  25.5838 341.2778 0012201 209.8958 150.0881 15.11175188585915
1 33053U 08029A   19024.23250642  .00000489  00000-0  11196-4 0  9996
2 33053  25.5837 334.5346 0012158 221.5583 138.4028 15.11175672586042
1 33053U 08029A   19024.89283567  .00000511  00000-0  12469-4 0  9990
2 33053  25.5837 330.0391 0012120 229.3289 130.6193 15.11175998586162
1 33053U 08029A   19024.95886862  .00000506  00000-0  12207-4 0  9998
2 33053  25.5837 329.5895 0012120 230.0960 129.8510 15.11175996586159
1 33053U 08029A   19025.94936315  .00000492  00000-0  11381-4 0  9993
2 33053  25.5835 322.8461 0012092 241.7812 118.1502 15.11176212586306
1 33053U 08029A   19026.14746219  .00000478  00000-0  10578-4 0  9999
2 33053  25.5835 321.4974 0012084 244.1112 115.8177 15.11176188586350
1 33053U 08029A   19026.21349526  .00000466  00000-0  99090-5 0  9991
2 33053  25.5835 321.0479 0012089 244.9067 115.0214 15.11176119586345
1 33053U 08029A   19026.93985854  .00000460  00000-0  95427-5 0  9994
2 33053  25.5834 316.1028 0012070 253.4936 106.4273 15.11176303586455
1 33053U 08029A   19027.20399072  .00000452  00000-0  90958-5 0  9991
2 33053  25.5834 314.3045 0012063 256.6178 103.3012 15.11176357586512
1 33053U 08029A   19027.93035461  .00000444  00000-0  86209-5 0  9995
2 33053  25.5833 309.3595 0012058 265.3293  94.5865 15.11176549586604
1 33053U 08029A   19028.19448694  .00000451  00000-0  90108-5 0  9991
2 33053  25.5832 307.5613 0012041 268.4688  91.4468 15.11176721586649
1 33053U 08029A   19029.11895071  .00000460  00000-0  95495-5 0  9993
2 33053  25.5830 301.2677 0012030 279.5054  80.4122 15.11177144586809
1 33053U 08029A   19029.91134879  .00000473  00000-0  10306-4 0  9994
2 33053  25.5829 295.8729 0012050 288.9177  71.0052 15.11177479586905
1 33053U 08029A   19030.83581370  .00000502  00000-0  12003-4 0  9998
2 33053  25.5827 289.5790 0012076 299.8794  60.0541 15.11177970587060
1 33053U 08029A   19030.90184696  .00000502  00000-0  12019-4 0  9993
2 33053  25.5827 289.1295 0012073 300.6678  59.2667 15.11178001587059
1 33053U 08029A   19031.76027928  .00000514  00000-0  12718-4 0  9991
2 33053  25.5825 283.2850 0012107 310.7849  49.1636 15.11178354587188
1 33053U 08029A   19032.09044570  .00000497  00000-0  11710-4 0  9991
2 33053  25.5824 281.0370 0012125 314.5729  45.3816 15.11178355587256
1 33053U 08029A   19032.94887868  .00000474  00000-0  10398-4 0  9996
2 33053  25.5823 275.1924 0012162 324.6169  35.3559 15.11178498587368
1 33053U 08029A   19033.74127860  .00000458  00000-0  94248-5 0  9993
2 33053  25.5821 269.7975 0012207 333.9120  26.0799 15.11178648587507
1 33053U 08029A   19033.93937853  .00000473  00000-0  10342-4 0  9994
2 33053  25.5822 268.4487 0012233 336.1932  23.8036 15.11178831587511
1 33053U 08029A   19034.86384519  .00000479  00000-0  10645-4 0  9994
2 33053  25.5821 262.1546 0012285 346.9887  13.0330 15.11179201587679
1 33053U 08029A   19034.92987852  .00000482  00000-0  10829-4 0  9998
2 33053  25.5821 261.7050 0012295 347.7574  12.2661 15.11179248587665
1 33053U 08029A   19035.85434525  .00000486  00000-0  11094-4 0  9994
2 33053  25.5820 255.4110 0012370 358.4788   1.5708 15.11179609587801
1 33053U 08029A   19035.92037856  .00000486  00000-0  11057-4 0  9997
2 33053  25.5820 254.9614 0012369 359.2046   0.8469 15.11179627587837
1 33053U 08029A   19036.91087844  .00000470  00000-0  10156-4 0  9991
2 33053  25.5818 248.2177 0012435  10.6370 349.4427 15.11179905587965
1 33053U 08029A   19036.97691176  .00000467  00000-0  99919-5 0  9997
2 33053  25.5818 247.7681 0012439  11.3710 348.7105 15.11179906587998
1 33053U 08029A   19037.90137803  .00000441  00000-0  84775-5 0  9999
2 33053  25.5817 241.4739 0012488  21.9482 338.1586 15.11180073588117
1 33053U 08029A   19037.96741129  .00000439  00000-0  83870-5 0  9999
2 33053  25.5817 241.0242 0012488  22.6997 337.4089 15.11180088588128
1 33053U 08029A   19038.75981053  .00000430  00000-0  78086-5 0  9993
2 33053  25.5816 235.6291 0012525  31.8024 328.3266 15.11180285588265
1 33053U 08029A   19038.89187711  .00000421  00000-0  73025-5 0  9995
2 33053  25.5816 234.7300 0012546  33.2939 326.8384 15.11180273588261
1 33053U 08029A   19039.81634210  .00000417  00000-0  70944-5 0  9991
2 33053  25.5815 228.4356 0012572  43.8138 316.3393 15.11180524588429
1 33053U 08029A   19039.88237526  .00000428  00000-0  76920-5 0  9999
2 33053  25.5815 227.9861 0012586  44.5620 315.5926 15.11180622588414
1 33053U 08029A   19040.87287257  .00000442  00000-0  85170-5 0  9999
2 33053  25.5815 221.2422 0012626  55.7858 304.3872 15.11180980588587
1 33053U 08029A   19041.86336880  .00000459  00000-0  94881-5 0  9993
2 33053  25.5814 214.4981 0012654  67.0346 293.1524 15.11181345588719
1 33053U 08029A   19042.52369907  .00000462  00000-0  97038-5 0  9994
2 33053  25.5814 210.0022 0012670  74.5011 285.6923 15.11181525588839
1 33053U 08029A   19042.85386403  .00000441  00000-0  84464-5 0  9996
2 33053  25.5814 207.7540 0012665  78.2613 281.9343 15.11181495588864
1 33053U 08029A   19043.84435800  .00000438  00000-0  82669-5 0  9993
2 33053  25.5815 201.0101 0012662  89.4478 270.7508 15.11181766589035
1 33053U 08029A   19044.76881798  .00000430  00000-0  78218-5 0  9993
2 33053  25.5816 194.7157 0012658  99.8554 260.3411 15.11181996589156
1 33053U 08029A   19045.56121141  .00000429  00000-0  77855-5 0  9995
2 33053  25.5817 189.3208 0012639 108.8112 251.3795 15.11182213589275
1 33053U 08029A   19045.75930934  .00000458  00000-0  94436-5 0  9990
2 33053  25.5818 187.9720 0012617 111.0148 249.1738 15.11182518589326
1 33053U 08029A   19046.74979971  .00000462  00000-0  96577-5 0  9997
2 33053  25.5819 181.2283 0012586 122.1995 237.9762 15.11182871589454
1 33053U 08029A   19047.54219124  .00000465  00000-0  98135-5 0  9998
2 33053  25.5820 175.8334 0012557 131.1742 228.9877 15.11183149589591
1 33053U 08029A   19047.74028901  .00000456  00000-0  93464-5 0  9991
2 33053  25.5820 174.4845 0012539 133.4723 226.6857 15.11183156589600
1 33053U 08029A   19048.73077746  .00000448  00000-0  88328-5 0  9996
2 33053  25.5821 167.7408 0012475 144.7806 215.3555 15.11183412589770
1 33053U 08029A   19049.72126509  .00000446  00000-0  87353-5 0  9993
2 33053  25.5821 160.9970 0012420 156.0900 204.0213 15.11183729589902
1 33053U 08029A   19050.51365474  .00000452  00000-0  90504-5 0  9997
2 33053  25.5822 155.6019 0012380 165.2365 194.8534 15.11183994590043
